2 0.18795 0.063213 0.1041 0.105825
10 0.563312 0.062975 0.11225 0.1064
1 0.56395 0.313575 0.1045 0.10805
3 0.93725 0.31725 0.0891 0.10325
11 0.437675 0.436188 0.105 0.111375
0 0.56265 0.44241 0.0885 0.115175
6 0.81265 0.44241 0.0885 0.115175
6 0.18765 0.56741 0.0885 0.115175
9 0.43725 0.56725 0.0891 0.10325
8 0.68795 0.563213 0.1041 0.105825
1 0.93895 0.563575 0.1045 0.10805
8 0.18795 0.688213 0.1041 0.105825
3 0.93725 0.69225 0.0891 0.10325
5 0.812675 0.811188 0.105 0.111375
10 0.938312 0.812975 0.11225 0.1064
