8 0.18795 0.063213 0.1041 0.105825
3 0.56225 0.06725 0.0891 0.10325
6 0.43765 0.19241 0.0885 0.115175
6 0.56265 0.19241 0.0885 0.115175
0 0.43765 0.31741 0.0885 0.115175
9 0.68725 0.31725 0.0891 0.10325
11 0.937675 0.311188 0.105 0.111375
6 0.06265 0.44241 0.0885 0.115175
2 0.68795 0.438213 0.1041 0.105825
0 0.81265 0.44241 0.0885 0.115175
6 0.43765 0.69241 0.0885 0.115175
7 0.68895 0.688575 0.1045 0.10805
7 0.81395 0.688575 0.1045 0.10805
6 0.56265 0.81741 0.0885 0.115175
5 0.937675 0.936188 0.105 0.111375
