8 0.18795 0.063213 0.1041 0.105825
9 0.56225 0.06725 0.0891 0.10325
5 0.937675 0.061188 0.105 0.111375
2 0.68795 0.188213 0.1041 0.105825
6 0.06265 0.31741 0.0885 0.115175
11 0.437675 0.436188 0.105 0.111375
7 0.56395 0.563575 0.1045 0.10805
8 0.56295 0.688213 0.1041 0.105825
10 0.438312 0.812975 0.11225 0.1064
10 0.563312 0.812975 0.11225 0.1064
6 0.68765 0.81741 0.0885 0.115175
6 0.81265 0.81741 0.0885 0.115175
7 0.93895 0.813575 0.1045 0.10805
8 0.56295 0.938213 0.1041 0.105825
3 0.93725 0.94225 0.0891 0.10325
