8 0.18795 0.063213 0.1041 0.105825
2 0.68795 0.063213 0.1041 0.105825
4 0.813312 0.062975 0.11225 0.1064
5 0.937675 0.061188 0.105 0.111375
8 0.81295 0.188213 0.1041 0.105825
8 0.18795 0.313213 0.1041 0.105825
6 0.56265 0.31741 0.0885 0.115175
11 0.812675 0.311188 0.105 0.111375
9 0.93725 0.44225 0.0891 0.10325
0 0.56265 0.69241 0.0885 0.115175
6 0.68765 0.69241 0.0885 0.115175
0 0.81265 0.69241 0.0885 0.115175
2 0.06295 0.813213 0.1041 0.105825
3 0.18725 0.81725 0.0891 0.10325
3 0.31225 0.81725 0.0891 0.10325
