2 0.18795 0.063213 0.1041 0.105825
2 0.68795 0.063213 0.1041 0.105825
8 0.93795 0.188213 0.1041 0.105825
2 0.06295 0.313213 0.1041 0.105825
11 0.437675 0.311188 0.105 0.111375
4 0.938312 0.312975 0.11225 0.1064
1 0.06395 0.438575 0.1045 0.10805
0 0.56265 0.44241 0.0885 0.115175
7 0.06395 0.563575 0.1045 0.10805
5 0.437675 0.561188 0.105 0.111375
6 0.93765 0.69241 0.0885 0.115175
1 0.81395 0.813575 0.1045 0.10805
6 0.93765 0.81741 0.0885 0.115175
9 0.81225 0.94225 0.0891 0.10325
3 0.93725 0.94225 0.0891 0.10325
