2 0.18795 0.063213 0.1041 0.105825
2 0.68795 0.063213 0.1041 0.105825
10 0.813312 0.062975 0.11225 0.1064
11 0.312675 0.186188 0.105 0.111375
2 0.06295 0.313213 0.1041 0.105825
6 0.18765 0.31741 0.0885 0.115175
9 0.43725 0.31725 0.0891 0.10325
3 0.81225 0.31725 0.0891 0.10325
1 0.31395 0.438575 0.1045 0.10805
9 0.93725 0.44225 0.0891 0.10325
5 0.312675 0.561188 0.105 0.111375
6 0.56265 0.69241 0.0885 0.115175
6 0.68765 0.69241 0.0885 0.115175
9 0.18725 0.81725 0.0891 0.10325
8 0.06295 0.938213 0.1041 0.105825
