8 0.18795 0.063213 0.1041 0.105825
8 0.68795 0.063213 0.1041 0.105825
2 0.31295 0.188213 0.1041 0.105825
5 0.937675 0.186188 0.105 0.111375
2 0.81295 0.313213 0.1041 0.105825
0 0.93765 0.31741 0.0885 0.115175
8 0.31295 0.438213 0.1041 0.105825
1 0.43895 0.438575 0.1045 0.10805
10 0.188312 0.562975 0.11225 0.1064
10 0.813312 0.562975 0.11225 0.1064
7 0.56395 0.688575 0.1045 0.10805
11 0.187675 0.811188 0.105 0.111375
9 0.31225 0.81725 0.0891 0.10325
3 0.43725 0.94225 0.0891 0.10325
4 0.688312 0.937975 0.11225 0.1064
