8 0.18795 0.063213 0.1041 0.105825
5 0.687675 0.061188 0.105 0.111375
1 0.68895 0.313575 0.1045 0.10805
3 0.81225 0.31725 0.0891 0.10325
7 0.93895 0.313575 0.1045 0.10805
0 0.56265 0.44241 0.0885 0.115175
9 0.68725 0.44225 0.0891 0.10325
0 0.81265 0.44241 0.0885 0.115175
9 0.93725 0.44225 0.0891 0.10325
10 0.313312 0.562975 0.11225 0.1064
2 0.68795 0.563213 0.1041 0.105825
1 0.18895 0.688575 0.1045 0.10805
8 0.81295 0.688213 0.1041 0.105825
0 0.18765 0.81741 0.0885 0.115175
11 0.562675 0.936188 0.105 0.111375
