8 0.18795 0.063213 0.1041 0.105825
5 0.687675 0.061188 0.105 0.111375
6 0.06265 0.19241 0.0885 0.115175
6 0.93765 0.19241 0.0885 0.115175
11 0.437675 0.561188 0.105 0.111375
9 0.68725 0.56725 0.0891 0.10325
7 0.06395 0.688575 0.1045 0.10805
6 0.18765 0.69241 0.0885 0.115175
3 0.31225 0.69225 0.0891 0.10325
7 0.43895 0.688575 0.1045 0.10805
6 0.93765 0.69241 0.0885 0.115175
8 0.31295 0.813213 0.1041 0.105825
6 0.93765 0.81741 0.0885 0.115175
7 0.06395 0.938575 0.1045 0.10805
2 0.31295 0.938213 0.1041 0.105825
