2 0.18795 0.063213 0.1041 0.105825
7 0.68895 0.063575 0.1045 0.10805
3 0.56225 0.19225 0.0891 0.10325
3 0.68725 0.19225 0.0891 0.10325
1 0.06395 0.313575 0.1045 0.10805
7 0.18895 0.313575 0.1045 0.10805
9 0.31225 0.31725 0.0891 0.10325
2 0.56295 0.313213 0.1041 0.105825
2 0.06295 0.563213 0.1041 0.105825
5 0.562675 0.561188 0.105 0.111375
11 0.062675 0.686188 0.105 0.111375
8 0.18795 0.688213 0.1041 0.105825
2 0.06295 0.813213 0.1041 0.105825
0 0.43765 0.81741 0.0885 0.115175
2 0.43795 0.938213 0.1041 0.105825
