2 0.18795 0.063213 0.1041 0.105825
7 0.68895 0.063575 0.1045 0.10805
5 0.562675 0.186188 0.105 0.111375
7 0.31395 0.313575 0.1045 0.10805
3 0.81225 0.31725 0.0891 0.10325
7 0.18895 0.438575 0.1045 0.10805
2 0.56295 0.438213 0.1041 0.105825
4 0.813312 0.437975 0.11225 0.1064
11 0.312675 0.561188 0.105 0.111375
4 0.563312 0.562975 0.11225 0.1064
1 0.81395 0.563575 0.1045 0.10805
6 0.43765 0.69241 0.0885 0.115175
6 0.31265 0.81741 0.0885 0.115175
2 0.43795 0.938213 0.1041 0.105825
8 0.68795 0.938213 0.1041 0.105825
