8 0.18795 0.063213 0.1041 0.105825
3 0.68725 0.06725 0.0891 0.10325
3 0.93725 0.06725 0.0891 0.10325
10 0.438312 0.187975 0.11225 0.1064
10 0.563312 0.187975 0.11225 0.1064
2 0.06295 0.313213 0.1041 0.105825
4 0.188312 0.312975 0.11225 0.1064
2 0.81295 0.313213 0.1041 0.105825
5 0.687675 0.436188 0.105 0.111375
0 0.18765 0.56741 0.0885 0.115175
1 0.68895 0.563575 0.1045 0.10805
0 0.31265 0.81741 0.0885 0.115175
0 0.68765 0.81741 0.0885 0.115175
6 0.81265 0.81741 0.0885 0.115175
11 0.062675 0.936188 0.105 0.111375
