8 0.18795 0.063213 0.1041 0.105825
1 0.81395 0.063575 0.1045 0.10805
0 0.56265 0.19241 0.0885 0.115175
4 0.813312 0.187975 0.11225 0.1064
9 0.56225 0.31725 0.0891 0.10325
7 0.68895 0.313575 0.1045 0.10805
9 0.81225 0.31725 0.0891 0.10325
3 0.68725 0.44225 0.0891 0.10325
0 0.93765 0.44241 0.0885 0.115175
11 0.187675 0.561188 0.105 0.111375
5 0.937675 0.561188 0.105 0.111375
9 0.31225 0.69225 0.0891 0.10325
3 0.68725 0.69225 0.0891 0.10325
6 0.93765 0.69241 0.0885 0.115175
9 0.93725 0.94225 0.0891 0.10325
