8 0.18795 0.063213 0.1041 0.105825
1 0.81395 0.063575 0.1045 0.10805
2 0.31295 0.188213 0.1041 0.105825
6 0.18765 0.31741 0.0885 0.115175
9 0.31225 0.31725 0.0891 0.10325
6 0.56265 0.31741 0.0885 0.115175
5 0.687675 0.311188 0.105 0.111375
10 0.188312 0.437975 0.11225 0.1064
2 0.43795 0.438213 0.1041 0.105825
3 0.18725 0.69225 0.0891 0.10325
11 0.187675 0.811188 0.105 0.111375
8 0.31295 0.813213 0.1041 0.105825
0 0.56265 0.81741 0.0885 0.115175
2 0.93795 0.813213 0.1041 0.105825
7 0.81395 0.938575 0.1045 0.10805
