8 0.18795 0.063213 0.1041 0.105825
9 0.81225 0.06725 0.0891 0.10325
3 0.18725 0.31725 0.0891 0.10325
1 0.56395 0.313575 0.1045 0.10805
9 0.68725 0.31725 0.0891 0.10325
9 0.81225 0.44225 0.0891 0.10325
3 0.31225 0.56725 0.0891 0.10325
10 0.563312 0.562975 0.11225 0.1064
4 0.063312 0.687975 0.11225 0.1064
7 0.18895 0.688575 0.1045 0.10805
11 0.312675 0.686188 0.105 0.111375
0 0.81265 0.69241 0.0885 0.115175
7 0.81395 0.813575 0.1045 0.10805
8 0.06295 0.938213 0.1041 0.105825
5 0.937675 0.936188 0.105 0.111375
