2 0.18795 0.063213 0.1041 0.105825
3 0.81225 0.06725 0.0891 0.10325
10 0.063312 0.187975 0.11225 0.1064
9 0.81225 0.19225 0.0891 0.10325
4 0.938312 0.187975 0.11225 0.1064
3 0.43725 0.31725 0.0891 0.10325
7 0.31395 0.438575 0.1045 0.10805
0 0.43765 0.44241 0.0885 0.115175
8 0.81295 0.563213 0.1041 0.105825
0 0.93765 0.56741 0.0885 0.115175
6 0.06265 0.69241 0.0885 0.115175
11 0.437675 0.686188 0.105 0.111375
5 0.937675 0.686188 0.105 0.111375
0 0.18765 0.81741 0.0885 0.115175
2 0.43795 0.938213 0.1041 0.105825
