8 0.18795 0.063213 0.1041 0.105825
9 0.81225 0.06725 0.0891 0.10325
8 0.93795 0.063213 0.1041 0.105825
11 0.562675 0.186188 0.105 0.111375
0 0.81265 0.19241 0.0885 0.115175
8 0.06295 0.313213 0.1041 0.105825
0 0.18765 0.44241 0.0885 0.115175
3 0.56225 0.44225 0.0891 0.10325
9 0.93725 0.56725 0.0891 0.10325
2 0.68795 0.688213 0.1041 0.105825
8 0.93795 0.688213 0.1041 0.105825
8 0.43795 0.813213 0.1041 0.105825
5 0.687675 0.811188 0.105 0.111375
6 0.81265 0.81741 0.0885 0.115175
2 0.31295 0.938213 0.1041 0.105825
