2 0.18795 0.063213 0.1041 0.105825
9 0.93725 0.06725 0.0891 0.10325
3 0.06225 0.19225 0.0891 0.10325
5 0.687675 0.186188 0.105 0.111375
0 0.06265 0.31741 0.0885 0.115175
0 0.56265 0.31741 0.0885 0.115175
3 0.18725 0.44225 0.0891 0.10325
6 0.56265 0.44241 0.0885 0.115175
6 0.18765 0.56741 0.0885 0.115175
11 0.187675 0.686188 0.105 0.111375
8 0.31295 0.688213 0.1041 0.105825
9 0.93725 0.69225 0.0891 0.10325
2 0.06295 0.813213 0.1041 0.105825
3 0.56225 0.81725 0.0891 0.10325
3 0.18725 0.94225 0.0891 0.10325
