8 0.18795 0.063213 0.1041 0.105825
9 0.93725 0.06725 0.0891 0.10325
6 0.18765 0.19241 0.0885 0.115175
8 0.56295 0.188213 0.1041 0.105825
5 0.437675 0.311188 0.105 0.111375
3 0.56225 0.31725 0.0891 0.10325
7 0.18895 0.438575 0.1045 0.10805
6 0.56265 0.44241 0.0885 0.115175
7 0.31395 0.688575 0.1045 0.10805
2 0.43795 0.688213 0.1041 0.105825
7 0.93895 0.688575 0.1045 0.10805
11 0.187675 0.811188 0.105 0.111375
2 0.43795 0.813213 0.1041 0.105825
6 0.56265 0.81741 0.0885 0.115175
3 0.56225 0.94225 0.0891 0.10325
