8 0.18795 0.063213 0.1041 0.105825
0 0.18765 0.19241 0.0885 0.115175
11 0.437675 0.186188 0.105 0.111375
4 0.563312 0.312975 0.11225 0.1064
1 0.06395 0.438575 0.1045 0.10805
3 0.43725 0.44225 0.0891 0.10325
9 0.68725 0.44225 0.0891 0.10325
0 0.56265 0.56741 0.0885 0.115175
5 0.937675 0.561188 0.105 0.111375
3 0.43725 0.69225 0.0891 0.10325
2 0.81295 0.688213 0.1041 0.105825
9 0.56225 0.94225 0.0891 0.10325
3 0.68725 0.94225 0.0891 0.10325
8 0.81295 0.938213 0.1041 0.105825
8 0.93795 0.938213 0.1041 0.105825
