2 0.18795 0.063213 0.1041 0.105825
6 0.43765 0.31741 0.0885 0.115175
6 0.81265 0.31741 0.0885 0.115175
7 0.93895 0.313575 0.1045 0.10805
2 0.31295 0.563213 0.1041 0.105825
2 0.68795 0.563213 0.1041 0.105825
11 0.187675 0.686188 0.105 0.111375
5 0.562675 0.686188 0.105 0.111375
9 0.06225 0.81725 0.0891 0.10325
3 0.43725 0.81725 0.0891 0.10325
7 0.56395 0.813575 0.1045 0.10805
7 0.68895 0.813575 0.1045 0.10805
6 0.93765 0.81741 0.0885 0.115175
2 0.31295 0.938213 0.1041 0.105825
7 0.43895 0.938575 0.1045 0.10805
