2 0.18795 0.063213 0.1041 0.105825
2 0.06295 0.188213 0.1041 0.105825
2 0.93795 0.188213 0.1041 0.105825
3 0.56225 0.31725 0.0891 0.10325
0 0.31265 0.44241 0.0885 0.115175
8 0.68795 0.438213 0.1041 0.105825
10 0.063312 0.562975 0.11225 0.1064
0 0.31265 0.56741 0.0885 0.115175
5 0.812675 0.561188 0.105 0.111375
11 0.187675 0.686188 0.105 0.111375
0 0.31265 0.69241 0.0885 0.115175
10 0.563312 0.687975 0.11225 0.1064
6 0.93765 0.69241 0.0885 0.115175
7 0.06395 0.813575 0.1045 0.10805
2 0.56295 0.813213 0.1041 0.105825
