2 0.18795 0.063213 0.1041 0.105825
4 0.563312 0.187975 0.11225 0.1064
7 0.68895 0.188575 0.1045 0.10805
8 0.81295 0.188213 0.1041 0.105825
7 0.06395 0.313575 0.1045 0.10805
1 0.81395 0.313575 0.1045 0.10805
0 0.06265 0.44241 0.0885 0.115175
0 0.68765 0.44241 0.0885 0.115175
0 0.93765 0.44241 0.0885 0.115175
0 0.81265 0.56741 0.0885 0.115175
11 0.562675 0.686188 0.105 0.111375
7 0.31395 0.813575 0.1045 0.10805
2 0.43795 0.938213 0.1041 0.105825
5 0.687675 0.936188 0.105 0.111375
3 0.93725 0.94225 0.0891 0.10325
