8 0.18795 0.063213 0.1041 0.105825
3 0.81225 0.19225 0.0891 0.10325
7 0.06395 0.313575 0.1045 0.10805
5 0.687675 0.311188 0.105 0.111375
0 0.93765 0.31741 0.0885 0.115175
8 0.31295 0.438213 0.1041 0.105825
10 0.813312 0.437975 0.11225 0.1064
0 0.18765 0.56741 0.0885 0.115175
1 0.31395 0.563575 0.1045 0.10805
6 0.56265 0.56741 0.0885 0.115175
9 0.68725 0.56725 0.0891 0.10325
2 0.06295 0.688213 0.1041 0.105825
9 0.43725 0.69225 0.0891 0.10325
6 0.31265 0.81741 0.0885 0.115175
11 0.062675 0.936188 0.105 0.111375
