8 0.18795 0.063213 0.1041 0.105825
7 0.18895 0.188575 0.1045 0.10805
11 0.062675 0.311188 0.105 0.111375
10 0.688312 0.312975 0.11225 0.1064
0 0.93765 0.31741 0.0885 0.115175
2 0.18795 0.563213 0.1041 0.105825
9 0.81225 0.56725 0.0891 0.10325
6 0.93765 0.56741 0.0885 0.115175
9 0.31225 0.69225 0.0891 0.10325
7 0.93895 0.688575 0.1045 0.10805
5 0.187675 0.811188 0.105 0.111375
6 0.31265 0.81741 0.0885 0.115175
8 0.56295 0.813213 0.1041 0.105825
8 0.43795 0.938213 0.1041 0.105825
2 0.93795 0.938213 0.1041 0.105825
