8 0.18795 0.063213 0.1041 0.105825
7 0.06395 0.188575 0.1045 0.10805
0 0.06265 0.31741 0.0885 0.115175
0 0.68765 0.31741 0.0885 0.115175
5 0.812675 0.311188 0.105 0.111375
7 0.56395 0.438575 0.1045 0.10805
1 0.93895 0.438575 0.1045 0.10805
6 0.56265 0.56741 0.0885 0.115175
0 0.81265 0.56741 0.0885 0.115175
1 0.06395 0.688575 0.1045 0.10805
11 0.562675 0.811188 0.105 0.111375
9 0.18725 0.94225 0.0891 0.10325
4 0.313312 0.937975 0.11225 0.1064
9 0.43725 0.94225 0.0891 0.10325
3 0.56225 0.94225 0.0891 0.10325
