2 0.18795 0.063213 0.1041 0.105825
9 0.43725 0.19225 0.0891 0.10325
9 0.81225 0.19225 0.0891 0.10325
6 0.06265 0.44241 0.0885 0.115175
11 0.187675 0.436188 0.105 0.111375
5 0.437675 0.436188 0.105 0.111375
7 0.93895 0.438575 0.1045 0.10805
0 0.43765 0.56741 0.0885 0.115175
1 0.93895 0.563575 0.1045 0.10805
1 0.31395 0.688575 0.1045 0.10805
7 0.43895 0.813575 0.1045 0.10805
7 0.81395 0.813575 0.1045 0.10805
3 0.18725 0.94225 0.0891 0.10325
1 0.56395 0.938575 0.1045 0.10805
2 0.93795 0.938213 0.1041 0.105825
