2 0.18795 0.063213 0.1041 0.105825
0 0.56265 0.19241 0.0885 0.115175
8 0.68795 0.188213 0.1041 0.105825
3 0.56225 0.31725 0.0891 0.10325
9 0.06225 0.44225 0.0891 0.10325
6 0.31265 0.44241 0.0885 0.115175
0 0.56265 0.44241 0.0885 0.115175
11 0.187675 0.561188 0.105 0.111375
9 0.56225 0.56725 0.0891 0.10325
9 0.06225 0.69225 0.0891 0.10325
3 0.56225 0.69225 0.0891 0.10325
6 0.56265 0.81741 0.0885 0.115175
6 0.93765 0.81741 0.0885 0.115175
10 0.563312 0.937975 0.11225 0.1064
5 0.687675 0.936188 0.105 0.111375
