8 0.18795 0.063213 0.1041 0.105825
9 0.06225 0.19225 0.0891 0.10325
2 0.68795 0.188213 0.1041 0.105825
0 0.93765 0.19241 0.0885 0.115175
10 0.188312 0.312975 0.11225 0.1064
1 0.43895 0.313575 0.1045 0.10805
10 0.438312 0.437975 0.11225 0.1064
5 0.687675 0.436188 0.105 0.111375
2 0.93795 0.438213 0.1041 0.105825
7 0.31395 0.563575 0.1045 0.10805
11 0.437675 0.686188 0.105 0.111375
9 0.68725 0.69225 0.0891 0.10325
2 0.68795 0.813213 0.1041 0.105825
1 0.18895 0.938575 0.1045 0.10805
8 0.81295 0.938213 0.1041 0.105825
