2 0.18795 0.063213 0.1041 0.105825
2 0.31295 0.063213 0.1041 0.105825
4 0.563312 0.062975 0.11225 0.1064
7 0.68895 0.063575 0.1045 0.10805
9 0.43725 0.19225 0.0891 0.10325
9 0.93725 0.19225 0.0891 0.10325
7 0.06395 0.313575 0.1045 0.10805
11 0.187675 0.311188 0.105 0.111375
6 0.68765 0.31741 0.0885 0.115175
6 0.56265 0.44241 0.0885 0.115175
1 0.68895 0.438575 0.1045 0.10805
9 0.81225 0.44225 0.0891 0.10325
5 0.812675 0.561188 0.105 0.111375
1 0.93895 0.688575 0.1045 0.10805
3 0.68725 0.81725 0.0891 0.10325
