2 0.18795 0.063213 0.1041 0.105825
8 0.31295 0.063213 0.1041 0.105825
8 0.68795 0.063213 0.1041 0.105825
3 0.81225 0.06725 0.0891 0.10325
1 0.43895 0.188575 0.1045 0.10805
4 0.688312 0.187975 0.11225 0.1064
11 0.062675 0.311188 0.105 0.111375
3 0.18725 0.31725 0.0891 0.10325
9 0.43725 0.31725 0.0891 0.10325
9 0.56225 0.44225 0.0891 0.10325
5 0.437675 0.561188 0.105 0.111375
10 0.063312 0.937975 0.11225 0.1064
7 0.31395 0.938575 0.1045 0.10805
10 0.438312 0.937975 0.11225 0.1064
10 0.563312 0.937975 0.11225 0.1064
