2 0.18795 0.063213 0.1041 0.105825
2 0.31295 0.063213 0.1041 0.105825
0 0.43765 0.19241 0.0885 0.115175
3 0.56225 0.31725 0.0891 0.10325
8 0.81295 0.313213 0.1041 0.105825
8 0.18795 0.438213 0.1041 0.105825
9 0.68725 0.44225 0.0891 0.10325
1 0.06395 0.563575 0.1045 0.10805
11 0.187675 0.561188 0.105 0.111375
7 0.06395 0.688575 0.1045 0.10805
10 0.188312 0.812975 0.11225 0.1064
7 0.31395 0.813575 0.1045 0.10805
2 0.31295 0.938213 0.1041 0.105825
5 0.437675 0.936188 0.105 0.111375
4 0.938312 0.937975 0.11225 0.1064
