2 0.18795 0.063213 0.1041 0.105825
5 0.312675 0.061188 0.105 0.111375
3 0.81225 0.06725 0.0891 0.10325
7 0.18895 0.188575 0.1045 0.10805
0 0.31265 0.19241 0.0885 0.115175
0 0.43765 0.19241 0.0885 0.115175
2 0.68795 0.188213 0.1041 0.105825
1 0.81395 0.188575 0.1045 0.10805
2 0.93795 0.188213 0.1041 0.105825
10 0.313312 0.312975 0.11225 0.1064
11 0.187675 0.436188 0.105 0.111375
0 0.31265 0.44241 0.0885 0.115175
8 0.93795 0.563213 0.1041 0.105825
0 0.68765 0.69241 0.0885 0.115175
0 0.43765 0.81741 0.0885 0.115175
