2 0.18795 0.063213 0.1041 0.105825
5 0.312675 0.061188 0.105 0.111375
11 0.062675 0.186188 0.105 0.111375
6 0.18765 0.19241 0.0885 0.115175
6 0.56265 0.31741 0.0885 0.115175
2 0.18795 0.438213 0.1041 0.105825
3 0.56225 0.44225 0.0891 0.10325
7 0.93895 0.438575 0.1045 0.10805
9 0.18725 0.69225 0.0891 0.10325
6 0.43765 0.69241 0.0885 0.115175
9 0.68725 0.69225 0.0891 0.10325
7 0.31395 0.813575 0.1045 0.10805
9 0.56225 0.81725 0.0891 0.10325
4 0.563312 0.937975 0.11225 0.1064
7 0.68895 0.938575 0.1045 0.10805
