2 0.18795 0.063213 0.1041 0.105825
1 0.31395 0.063575 0.1045 0.10805
10 0.813312 0.062975 0.11225 0.1064
11 0.062675 0.186188 0.105 0.111375
6 0.18765 0.19241 0.0885 0.115175
6 0.93765 0.19241 0.0885 0.115175
7 0.56395 0.438575 0.1045 0.10805
8 0.06295 0.563213 0.1041 0.105825
8 0.43795 0.563213 0.1041 0.105825
1 0.06395 0.688575 0.1045 0.10805
0 0.56265 0.69241 0.0885 0.115175
8 0.06295 0.813213 0.1041 0.105825
7 0.18895 0.813575 0.1045 0.10805
1 0.43895 0.813575 0.1045 0.10805
5 0.312675 0.936188 0.105 0.111375
