2 0.18795 0.063213 0.1041 0.105825
1 0.31395 0.063575 0.1045 0.10805
2 0.93795 0.063213 0.1041 0.105825
4 0.063312 0.187975 0.11225 0.1064
11 0.312675 0.186188 0.105 0.111375
9 0.93725 0.19225 0.0891 0.10325
3 0.06225 0.31725 0.0891 0.10325
3 0.18725 0.31725 0.0891 0.10325
7 0.31395 0.313575 0.1045 0.10805
1 0.68895 0.313575 0.1045 0.10805
0 0.93765 0.31741 0.0885 0.115175
7 0.68895 0.563575 0.1045 0.10805
9 0.93725 0.69225 0.0891 0.10325
2 0.31295 0.813213 0.1041 0.105825
5 0.937675 0.811188 0.105 0.111375
