8 0.18795 0.063213 0.1041 0.105825
7 0.31395 0.063575 0.1045 0.10805
3 0.43725 0.06725 0.0891 0.10325
1 0.93895 0.063575 0.1045 0.10805
0 0.43765 0.19241 0.0885 0.115175
2 0.31295 0.313213 0.1041 0.105825
11 0.187675 0.561188 0.105 0.111375
2 0.68795 0.563213 0.1041 0.105825
6 0.06265 0.69241 0.0885 0.115175
2 0.43795 0.688213 0.1041 0.105825
3 0.56225 0.69225 0.0891 0.10325
10 0.688312 0.687975 0.11225 0.1064
7 0.06395 0.813575 0.1045 0.10805
5 0.562675 0.811188 0.105 0.111375
9 0.56225 0.94225 0.0891 0.10325
