8 0.18795 0.063213 0.1041 0.105825
9 0.31225 0.06725 0.0891 0.10325
4 0.688312 0.062975 0.11225 0.1064
0 0.43765 0.19241 0.0885 0.115175
10 0.688312 0.187975 0.11225 0.1064
9 0.18725 0.31725 0.0891 0.10325
11 0.312675 0.311188 0.105 0.111375
6 0.56265 0.31741 0.0885 0.115175
0 0.06265 0.44241 0.0885 0.115175
3 0.18725 0.44225 0.0891 0.10325
8 0.06295 0.563213 0.1041 0.105825
1 0.18895 0.563575 0.1045 0.10805
4 0.813312 0.812975 0.11225 0.1064
5 0.437675 0.936188 0.105 0.111375
3 0.68725 0.94225 0.0891 0.10325
