8 0.18795 0.063213 0.1041 0.105825
9 0.31225 0.06725 0.0891 0.10325
7 0.81395 0.063575 0.1045 0.10805
9 0.93725 0.06725 0.0891 0.10325
2 0.43795 0.188213 0.1041 0.105825
0 0.68765 0.19241 0.0885 0.115175
6 0.56265 0.44241 0.0885 0.115175
11 0.562675 0.561188 0.105 0.111375
5 0.812675 0.561188 0.105 0.111375
7 0.31395 0.688575 0.1045 0.10805
7 0.81395 0.688575 0.1045 0.10805
1 0.43895 0.813575 0.1045 0.10805
8 0.56295 0.813213 0.1041 0.105825
8 0.31295 0.938213 0.1041 0.105825
7 0.56395 0.938575 0.1045 0.10805
