8 0.18795 0.063213 0.1041 0.105825
9 0.31225 0.06725 0.0891 0.10325
7 0.93895 0.063575 0.1045 0.10805
6 0.43765 0.19241 0.0885 0.115175
1 0.93895 0.188575 0.1045 0.10805
3 0.18725 0.31725 0.0891 0.10325
11 0.187675 0.436188 0.105 0.111375
1 0.43895 0.438575 0.1045 0.10805
0 0.93765 0.44241 0.0885 0.115175
6 0.31265 0.56741 0.0885 0.115175
9 0.56225 0.69225 0.0891 0.10325
7 0.93895 0.688575 0.1045 0.10805
1 0.43895 0.938575 0.1045 0.10805
5 0.687675 0.936188 0.105 0.111375
10 0.938312 0.937975 0.11225 0.1064
