8 0.18795 0.063213 0.1041 0.105825
3 0.31225 0.06725 0.0891 0.10325
4 0.938312 0.062975 0.11225 0.1064
6 0.81265 0.19241 0.0885 0.115175
5 0.437675 0.311188 0.105 0.111375
6 0.56265 0.56741 0.0885 0.115175
8 0.68795 0.563213 0.1041 0.105825
4 0.063312 0.687975 0.11225 0.1064
3 0.68725 0.69225 0.0891 0.10325
3 0.31225 0.81725 0.0891 0.10325
7 0.81395 0.813575 0.1045 0.10805
8 0.93795 0.813213 0.1041 0.105825
11 0.187675 0.936188 0.105 0.111375
9 0.43725 0.94225 0.0891 0.10325
7 0.68895 0.938575 0.1045 0.10805
