2 0.18795 0.063213 0.1041 0.105825
9 0.31225 0.06725 0.0891 0.10325
9 0.06225 0.19225 0.0891 0.10325
8 0.43795 0.188213 0.1041 0.105825
4 0.563312 0.187975 0.11225 0.1064
7 0.68895 0.188575 0.1045 0.10805
4 0.188312 0.312975 0.11225 0.1064
2 0.43795 0.313213 0.1041 0.105825
1 0.81395 0.313575 0.1045 0.10805
11 0.187675 0.561188 0.105 0.111375
5 0.437675 0.811188 0.105 0.111375
8 0.81295 0.813213 0.1041 0.105825
3 0.56225 0.94225 0.0891 0.10325
2 0.68795 0.938213 0.1041 0.105825
3 0.81225 0.94225 0.0891 0.10325
