8 0.18795 0.063213 0.1041 0.105825
9 0.31225 0.06725 0.0891 0.10325
7 0.43895 0.063575 0.1045 0.10805
7 0.68895 0.063575 0.1045 0.10805
3 0.31225 0.19225 0.0891 0.10325
6 0.31265 0.31741 0.0885 0.115175
1 0.56395 0.438575 0.1045 0.10805
6 0.68765 0.44241 0.0885 0.115175
0 0.43765 0.56741 0.0885 0.115175
9 0.56225 0.56725 0.0891 0.10325
7 0.93895 0.563575 0.1045 0.10805
3 0.68725 0.81725 0.0891 0.10325
11 0.312675 0.936188 0.105 0.111375
8 0.43795 0.938213 0.1041 0.105825
5 0.687675 0.936188 0.105 0.111375
