11 0.187675 0.061188 0.105 0.111375
8 0.43795 0.063213 0.1041 0.105825
1 0.06395 0.188575 0.1045 0.10805
3 0.31225 0.19225 0.0891 0.10325
7 0.56395 0.188575 0.1045 0.10805
1 0.81395 0.188575 0.1045 0.10805
8 0.06295 0.313213 0.1041 0.105825
6 0.18765 0.31741 0.0885 0.115175
9 0.56225 0.44225 0.0891 0.10325
0 0.68765 0.44241 0.0885 0.115175
2 0.81295 0.438213 0.1041 0.105825
0 0.93765 0.44241 0.0885 0.115175
2 0.31295 0.563213 0.1041 0.105825
2 0.68795 0.563213 0.1041 0.105825
5 0.937675 0.811188 0.105 0.111375
