11 0.187675 0.061188 0.105 0.111375
1 0.43895 0.063575 0.1045 0.10805
2 0.31295 0.188213 0.1041 0.105825
0 0.56265 0.31741 0.0885 0.115175
7 0.68895 0.313575 0.1045 0.10805
5 0.312675 0.436188 0.105 0.111375
2 0.43795 0.438213 0.1041 0.105825
8 0.68795 0.438213 0.1041 0.105825
6 0.81265 0.44241 0.0885 0.115175
6 0.56265 0.56741 0.0885 0.115175
1 0.43895 0.688575 0.1045 0.10805
1 0.56395 0.813575 0.1045 0.10805
7 0.68895 0.813575 0.1045 0.10805
8 0.93795 0.813213 0.1041 0.105825
7 0.68895 0.938575 0.1045 0.10805
