5 0.187675 0.061188 0.105 0.111375
4 0.438312 0.062975 0.11225 0.1064
3 0.93725 0.06725 0.0891 0.10325
6 0.43765 0.19241 0.0885 0.115175
6 0.81265 0.19241 0.0885 0.115175
9 0.43725 0.31725 0.0891 0.10325
8 0.81295 0.313213 0.1041 0.105825
9 0.43725 0.44225 0.0891 0.10325
7 0.81395 0.438575 0.1045 0.10805
0 0.93765 0.44241 0.0885 0.115175
11 0.062675 0.561188 0.105 0.111375
7 0.18895 0.563575 0.1045 0.10805
1 0.81395 0.563575 0.1045 0.10805
4 0.063312 0.687975 0.11225 0.1064
7 0.56395 0.688575 0.1045 0.10805
