11 0.187675 0.061188 0.105 0.111375
4 0.438312 0.062975 0.11225 0.1064
8 0.31295 0.188213 0.1041 0.105825
8 0.56295 0.188213 0.1041 0.105825
8 0.81295 0.188213 0.1041 0.105825
9 0.68725 0.31725 0.0891 0.10325
2 0.06295 0.438213 0.1041 0.105825
2 0.18795 0.438213 0.1041 0.105825
9 0.43725 0.44225 0.0891 0.10325
4 0.688312 0.437975 0.11225 0.1064
5 0.187675 0.811188 0.105 0.111375
0 0.81265 0.81741 0.0885 0.115175
8 0.06295 0.938213 0.1041 0.105825
10 0.313312 0.937975 0.11225 0.1064
9 0.93725 0.94225 0.0891 0.10325
