11 0.187675 0.061188 0.105 0.111375
9 0.43725 0.06725 0.0891 0.10325
7 0.68895 0.063575 0.1045 0.10805
8 0.18795 0.188213 0.1041 0.105825
0 0.56265 0.31741 0.0885 0.115175
10 0.688312 0.312975 0.11225 0.1064
5 0.187675 0.436188 0.105 0.111375
1 0.68895 0.438575 0.1045 0.10805
2 0.68795 0.563213 0.1041 0.105825
1 0.93895 0.563575 0.1045 0.10805
6 0.18765 0.69241 0.0885 0.115175
9 0.93725 0.69225 0.0891 0.10325
4 0.188312 0.812975 0.11225 0.1064
1 0.18895 0.938575 0.1045 0.10805
8 0.93795 0.938213 0.1041 0.105825
