11 0.187675 0.061188 0.105 0.111375
2 0.56295 0.063213 0.1041 0.105825
3 0.81225 0.06725 0.0891 0.10325
7 0.93895 0.063575 0.1045 0.10805
3 0.06225 0.19225 0.0891 0.10325
5 0.437675 0.186188 0.105 0.111375
7 0.43895 0.313575 0.1045 0.10805
6 0.81265 0.31741 0.0885 0.115175
8 0.18795 0.438213 0.1041 0.105825
0 0.56265 0.44241 0.0885 0.115175
6 0.68765 0.69241 0.0885 0.115175
1 0.93895 0.688575 0.1045 0.10805
1 0.56395 0.813575 0.1045 0.10805
2 0.43795 0.938213 0.1041 0.105825
7 0.93895 0.938575 0.1045 0.10805
