11 0.187675 0.061188 0.105 0.111375
4 0.563312 0.062975 0.11225 0.1064
7 0.68895 0.063575 0.1045 0.10805
0 0.06265 0.19241 0.0885 0.115175
6 0.56265 0.19241 0.0885 0.115175
6 0.81265 0.19241 0.0885 0.115175
10 0.313312 0.312975 0.11225 0.1064
5 0.312675 0.436188 0.105 0.111375
6 0.43765 0.44241 0.0885 0.115175
3 0.18725 0.56725 0.0891 0.10325
7 0.56395 0.563575 0.1045 0.10805
0 0.81265 0.56741 0.0885 0.115175
1 0.68895 0.688575 0.1045 0.10805
7 0.93895 0.813575 0.1045 0.10805
3 0.06225 0.94225 0.0891 0.10325
