11 0.187675 0.061188 0.105 0.111375
10 0.563312 0.062975 0.11225 0.1064
0 0.68765 0.19241 0.0885 0.115175
1 0.93895 0.188575 0.1045 0.10805
5 0.187675 0.311188 0.105 0.111375
1 0.06395 0.438575 0.1045 0.10805
2 0.43795 0.438213 0.1041 0.105825
8 0.31295 0.563213 0.1041 0.105825
1 0.93895 0.563575 0.1045 0.10805
7 0.18895 0.688575 0.1045 0.10805
10 0.688312 0.687975 0.11225 0.1064
9 0.93725 0.81725 0.0891 0.10325
1 0.18895 0.938575 0.1045 0.10805
8 0.56295 0.938213 0.1041 0.105825
2 0.81295 0.938213 0.1041 0.105825
