11 0.187675 0.061188 0.105 0.111375
9 0.56225 0.06725 0.0891 0.10325
4 0.938312 0.062975 0.11225 0.1064
0 0.06265 0.31741 0.0885 0.115175
9 0.43725 0.31725 0.0891 0.10325
8 0.81295 0.313213 0.1041 0.105825
3 0.18725 0.56725 0.0891 0.10325
6 0.31265 0.56741 0.0885 0.115175
5 0.812675 0.561188 0.105 0.111375
2 0.93795 0.563213 0.1041 0.105825
7 0.06395 0.688575 0.1045 0.10805
0 0.31265 0.69241 0.0885 0.115175
1 0.68895 0.688575 0.1045 0.10805
1 0.43895 0.813575 0.1045 0.10805
3 0.68725 0.94225 0.0891 0.10325
