11 0.187675 0.061188 0.105 0.111375
1 0.68895 0.063575 0.1045 0.10805
3 0.93725 0.06725 0.0891 0.10325
0 0.18765 0.31741 0.0885 0.115175
3 0.93725 0.31725 0.0891 0.10325
0 0.43765 0.44241 0.0885 0.115175
7 0.56395 0.438575 0.1045 0.10805
6 0.81265 0.44241 0.0885 0.115175
0 0.06265 0.56741 0.0885 0.115175
8 0.43795 0.563213 0.1041 0.105825
6 0.18765 0.69241 0.0885 0.115175
1 0.81395 0.688575 0.1045 0.10805
5 0.812675 0.811188 0.105 0.111375
3 0.06225 0.94225 0.0891 0.10325
9 0.68725 0.94225 0.0891 0.10325
