11 0.187675 0.061188 0.105 0.111375
9 0.68725 0.06725 0.0891 0.10325
2 0.81295 0.188213 0.1041 0.105825
2 0.56295 0.313213 0.1041 0.105825
6 0.93765 0.31741 0.0885 0.115175
1 0.06395 0.438575 0.1045 0.10805
6 0.18765 0.44241 0.0885 0.115175
1 0.93895 0.438575 0.1045 0.10805
1 0.68895 0.688575 0.1045 0.10805
3 0.43725 0.81725 0.0891 0.10325
0 0.68765 0.81741 0.0885 0.115175
9 0.81225 0.81725 0.0891 0.10325
5 0.937675 0.811188 0.105 0.111375
3 0.06225 0.94225 0.0891 0.10325
8 0.31295 0.938213 0.1041 0.105825
