11 0.187675 0.061188 0.105 0.111375
3 0.68725 0.06725 0.0891 0.10325
9 0.31225 0.19225 0.0891 0.10325
7 0.81395 0.188575 0.1045 0.10805
9 0.06225 0.31725 0.0891 0.10325
1 0.18895 0.313575 0.1045 0.10805
6 0.43765 0.31741 0.0885 0.115175
2 0.81295 0.313213 0.1041 0.105825
1 0.18895 0.438575 0.1045 0.10805
3 0.56225 0.44225 0.0891 0.10325
0 0.93765 0.69241 0.0885 0.115175
5 0.187675 0.811188 0.105 0.111375
10 0.563312 0.812975 0.11225 0.1064
7 0.43895 0.938575 0.1045 0.10805
9 0.93725 0.94225 0.0891 0.10325
