11 0.187675 0.061188 0.105 0.111375
9 0.68725 0.06725 0.0891 0.10325
7 0.93895 0.063575 0.1045 0.10805
1 0.06395 0.188575 0.1045 0.10805
7 0.31395 0.188575 0.1045 0.10805
3 0.43725 0.31725 0.0891 0.10325
4 0.938312 0.312975 0.11225 0.1064
2 0.43795 0.438213 0.1041 0.105825
0 0.68765 0.44241 0.0885 0.115175
9 0.93725 0.44225 0.0891 0.10325
0 0.81265 0.69241 0.0885 0.115175
9 0.68725 0.81725 0.0891 0.10325
9 0.81225 0.81725 0.0891 0.10325
2 0.06295 0.938213 0.1041 0.105825
5 0.187675 0.936188 0.105 0.111375
