11 0.187675 0.061188 0.105 0.111375
9 0.68725 0.06725 0.0891 0.10325
8 0.81295 0.063213 0.1041 0.105825
6 0.18765 0.19241 0.0885 0.115175
3 0.31225 0.19225 0.0891 0.10325
0 0.68765 0.19241 0.0885 0.115175
0 0.68765 0.31741 0.0885 0.115175
2 0.06295 0.438213 0.1041 0.105825
5 0.687675 0.436188 0.105 0.111375
10 0.188312 0.562975 0.11225 0.1064
1 0.43895 0.563575 0.1045 0.10805
3 0.68725 0.56725 0.0891 0.10325
0 0.81265 0.56741 0.0885 0.115175
1 0.31395 0.688575 0.1045 0.10805
7 0.81395 0.938575 0.1045 0.10805
