11 0.187675 0.061188 0.105 0.111375
8 0.81295 0.063213 0.1041 0.105825
1 0.93895 0.063575 0.1045 0.10805
7 0.18895 0.188575 0.1045 0.10805
6 0.68765 0.19241 0.0885 0.115175
6 0.18765 0.31741 0.0885 0.115175
3 0.31225 0.44225 0.0891 0.10325
6 0.43765 0.44241 0.0885 0.115175
1 0.81395 0.438575 0.1045 0.10805
6 0.93765 0.56741 0.0885 0.115175
0 0.31265 0.69241 0.0885 0.115175
5 0.812675 0.811188 0.105 0.111375
10 0.313312 0.937975 0.11225 0.1064
9 0.68725 0.94225 0.0891 0.10325
7 0.93895 0.938575 0.1045 0.10805
