5 0.187675 0.061188 0.105 0.111375
8 0.93795 0.063213 0.1041 0.105825
9 0.56225 0.19225 0.0891 0.10325
1 0.68895 0.313575 0.1045 0.10805
11 0.062675 0.436188 0.105 0.111375
6 0.81265 0.44241 0.0885 0.115175
3 0.31225 0.56725 0.0891 0.10325
0 0.43765 0.56741 0.0885 0.115175
0 0.56265 0.56741 0.0885 0.115175
6 0.81265 0.56741 0.0885 0.115175
0 0.43765 0.69241 0.0885 0.115175
8 0.68795 0.688213 0.1041 0.105825
8 0.18795 0.813213 0.1041 0.105825
7 0.43895 0.813575 0.1045 0.10805
7 0.68895 0.938575 0.1045 0.10805
