11 0.187675 0.061188 0.105 0.111375
8 0.93795 0.063213 0.1041 0.105825
6 0.31265 0.19241 0.0885 0.115175
9 0.93725 0.19225 0.0891 0.10325
0 0.43765 0.31741 0.0885 0.115175
6 0.18765 0.44241 0.0885 0.115175
4 0.938312 0.437975 0.11225 0.1064
5 0.562675 0.686188 0.105 0.111375
9 0.68725 0.69225 0.0891 0.10325
1 0.93895 0.688575 0.1045 0.10805
2 0.31295 0.813213 0.1041 0.105825
7 0.06395 0.938575 0.1045 0.10805
3 0.31225 0.94225 0.0891 0.10325
4 0.438312 0.937975 0.11225 0.1064
8 0.81295 0.938213 0.1041 0.105825
