11 0.187675 0.061188 0.105 0.111375
2 0.93795 0.063213 0.1041 0.105825
5 0.437675 0.186188 0.105 0.111375
0 0.93765 0.31741 0.0885 0.115175
9 0.18725 0.44225 0.0891 0.10325
6 0.56265 0.44241 0.0885 0.115175
4 0.688312 0.562975 0.11225 0.1064
0 0.31265 0.69241 0.0885 0.115175
9 0.43725 0.69225 0.0891 0.10325
2 0.56295 0.688213 0.1041 0.105825
6 0.56265 0.81741 0.0885 0.115175
8 0.81295 0.813213 0.1041 0.105825
2 0.31295 0.938213 0.1041 0.105825
8 0.68795 0.938213 0.1041 0.105825
7 0.81395 0.938575 0.1045 0.10805
