11 0.187675 0.061188 0.105 0.111375
2 0.93795 0.063213 0.1041 0.105825
6 0.68765 0.19241 0.0885 0.115175
7 0.43895 0.313575 0.1045 0.10805
7 0.68895 0.313575 0.1045 0.10805
0 0.06265 0.56741 0.0885 0.115175
5 0.187675 0.561188 0.105 0.111375
7 0.31395 0.563575 0.1045 0.10805
2 0.56295 0.563213 0.1041 0.105825
3 0.43725 0.81725 0.0891 0.10325
8 0.68795 0.813213 0.1041 0.105825
6 0.93765 0.81741 0.0885 0.115175
9 0.43725 0.94225 0.0891 0.10325
1 0.68895 0.938575 0.1045 0.10805
8 0.81295 0.938213 0.1041 0.105825
