11 0.187675 0.061188 0.105 0.111375
1 0.93895 0.063575 0.1045 0.10805
7 0.43895 0.188575 0.1045 0.10805
3 0.81225 0.19225 0.0891 0.10325
7 0.93895 0.188575 0.1045 0.10805
8 0.06295 0.313213 0.1041 0.105825
2 0.31295 0.313213 0.1041 0.105825
7 0.93895 0.313575 0.1045 0.10805
2 0.06295 0.438213 0.1041 0.105825
5 0.812675 0.436188 0.105 0.111375
4 0.563312 0.562975 0.11225 0.1064
8 0.68795 0.563213 0.1041 0.105825
0 0.06265 0.81741 0.0885 0.115175
9 0.06225 0.94225 0.0891 0.10325
2 0.18795 0.938213 0.1041 0.105825
