11 0.187675 0.061188 0.105 0.111375
7 0.93895 0.063575 0.1045 0.10805
0 0.31265 0.19241 0.0885 0.115175
8 0.56295 0.188213 0.1041 0.105825
0 0.56265 0.31741 0.0885 0.115175
8 0.43795 0.438213 0.1041 0.105825
5 0.687675 0.436188 0.105 0.111375
2 0.81295 0.438213 0.1041 0.105825
0 0.43765 0.56741 0.0885 0.115175
2 0.81295 0.563213 0.1041 0.105825
1 0.56395 0.688575 0.1045 0.10805
7 0.31395 0.813575 0.1045 0.10805
7 0.43895 0.813575 0.1045 0.10805
0 0.93765 0.81741 0.0885 0.115175
1 0.06395 0.938575 0.1045 0.10805
