11 0.187675 0.061188 0.105 0.111375
7 0.18895 0.188575 0.1045 0.10805
2 0.43795 0.313213 0.1041 0.105825
0 0.06265 0.44241 0.0885 0.115175
6 0.56265 0.44241 0.0885 0.115175
5 0.687675 0.436188 0.105 0.111375
9 0.68725 0.56725 0.0891 0.10325
0 0.06265 0.69241 0.0885 0.115175
6 0.43765 0.69241 0.0885 0.115175
8 0.68795 0.688213 0.1041 0.105825
2 0.81295 0.688213 0.1041 0.105825
2 0.06295 0.813213 0.1041 0.105825
3 0.93725 0.81725 0.0891 0.10325
8 0.43795 0.938213 0.1041 0.105825
8 0.56295 0.938213 0.1041 0.105825
