11 0.187675 0.061188 0.105 0.111375
8 0.18795 0.188213 0.1041 0.105825
10 0.313312 0.187975 0.11225 0.1064
8 0.81295 0.188213 0.1041 0.105825
5 0.812675 0.311188 0.105 0.111375
8 0.43795 0.438213 0.1041 0.105825
1 0.56395 0.438575 0.1045 0.10805
0 0.93765 0.44241 0.0885 0.115175
0 0.43765 0.56741 0.0885 0.115175
3 0.56225 0.56725 0.0891 0.10325
8 0.43795 0.688213 0.1041 0.105825
1 0.81395 0.813575 0.1045 0.10805
2 0.06295 0.938213 0.1041 0.105825
10 0.313312 0.937975 0.11225 0.1064
9 0.43725 0.94225 0.0891 0.10325
