0 0.321156 0.616703 0.083953 0.272391
0 0.153300 0.619022 0.083953 0.272391
0 0.488174 0.617228 0.083953 0.272355
0 0.013559 0.624203 0.027119 0.272391
0 0.657387 0.617790 0.083953 0.272391
0 0.824615 0.616830 0.083936 0.272355
0 0.974933 0.617790 0.050134 0.272391
2 0.321432 0.243188 0.085410 0.303623
2 0.825645 0.243188 0.085394 0.303623
1 0.152688 0.245815 0.090034 0.290906
1 0.970603 0.245399 0.058794 0.290942
4 0.489305 0.237572 0.122194 0.301667
5 0.653551 0.229167 0.115377 0.326232
3 0.016667 0.252645 0.033333 0.274203
