8 0.545200 0.892325 0.073000 0.098100
8 0.968543 0.892337 0.062914 0.098100
11 0.829800 0.888380 0.099029 0.105524
4 0.686557 0.892407 0.102086 0.097098
7 0.400271 0.892768 0.077543 0.098147
9 0.258786 0.895507 0.076429 0.089872
6 0.258286 0.780425 0.071600 0.087611
6 0.400350 0.780041 0.071586 0.087611
6 0.544286 0.780041 0.071600 0.087611
6 0.687757 0.780810 0.071600 0.087611
6 0.827943 0.780425 0.071600 0.087611
6 0.968514 0.780810 0.062971 0.087611
0 0.259200 0.197960 0.071600 0.087622
0 0.401443 0.197494 0.071600 0.087622
0 0.543693 0.197494 0.071586 0.087622
0 0.687071 0.197494 0.071600 0.087622
0 0.828757 0.199336 0.071600 0.087622
0 0.967886 0.198415 0.064229 0.087622
3 0.260264 0.079907 0.074557 0.088205
2 0.544757 0.076597 0.072829 0.097669
2 0.968221 0.076037 0.063557 0.097669
5 0.830614 0.073275 0.098400 0.104942
4 0.686336 0.076597 0.104214 0.097040
1 0.399807 0.077698 0.077643 0.094441
