0 0.339939 0.254498 0.076753 0.092132
0 0.186631 0.254498 0.076753 0.092132
0 0.493254 0.253836 0.076738 0.092132
0 0.645735 0.254498 0.076738 0.092132
0 0.800704 0.254498 0.076753 0.092132
0 0.952358 0.254498 0.076753 0.092132
6 0.185819 0.866826 0.076753 0.092132
6 0.340123 0.866158 0.076753 0.092120
6 0.491654 0.866826 0.076753 0.092132
6 0.645130 0.867488 0.076753 0.092132
6 0.798055 0.866385 0.076753 0.092132
6 0.951531 0.867047 0.076753 0.092132
8 0.953155 0.966936 0.078254 0.066127
8 0.493338 0.966244 0.078254 0.067512
11 0.799495 0.963100 0.106156 0.073799
10 0.645306 0.966373 0.113124 0.067255
7 0.338407 0.968260 0.083124 0.063480
9 0.186294 0.970741 0.075191 0.058517
5 0.798101 0.123909 0.105482 0.110343
2 0.951945 0.126360 0.078070 0.102696
2 0.493469 0.127120 0.078086 0.102696
1 0.337910 0.129032 0.083231 0.099314
4 0.646348 0.126520 0.111715 0.102034
3 0.187557 0.131164 0.079923 0.092745
