6 0.111781 0.782099 0.060519 0.088656
6 0.010870 0.783084 0.021739 0.088644
6 0.232802 0.782700 0.060531 0.088656
6 0.353080 0.782700 0.060531 0.088656
6 0.473345 0.782311 0.060531 0.088656
6 0.595193 0.782700 0.060531 0.088656
6 0.715072 0.783084 0.060531 0.088644
7 0.594130 0.897647 0.065556 0.094870
7 0.011908 0.900448 0.023816 0.090047
8 0.112723 0.895920 0.061703 0.098632
8 0.474523 0.895731 0.061703 0.098632
10 0.231818 0.895731 0.089215 0.099009
11 0.353273 0.892087 0.083720 0.106297
9 0.716123 0.899440 0.064517 0.091144
0 0.110882 0.193567 0.060531 0.088644
0 0.010525 0.194104 0.021051 0.088656
0 0.232343 0.193031 0.060531 0.088656
0 0.352983 0.192500 0.060531 0.088656
0 0.474179 0.192765 0.060531 0.088644
0 0.594275 0.192765 0.060531 0.088644
0 0.715459 0.192765 0.060531 0.088644
1 0.593460 0.071728 0.065640 0.095554
1 0.012077 0.074004 0.024155 0.090460
2 0.112796 0.070672 0.061582 0.098821
2 0.475048 0.070153 0.061570 0.098821
5 0.353702 0.066486 0.083200 0.106179
4 0.232512 0.070000 0.088116 0.098184
3 0.716286 0.073667 0.064143 0.091179
