6 0.264660 0.791054 0.102569 0.109462
6 0.476762 0.790850 0.102569 0.109462
6 0.689331 0.791308 0.102569 0.109477
6 0.901921 0.791308 0.102569 0.109477
6 0.053620 0.791766 0.102569 0.109462
0 0.052909 0.064411 0.104119 0.109695
0 0.265223 0.064411 0.104119 0.109695
0 0.477527 0.065516 0.104140 0.109695
0 0.689830 0.064964 0.104119 0.109695
0 0.900520 0.063859 0.104140 0.109695
7 0.053970 0.933801 0.107941 0.114956
8 0.265764 0.929433 0.106561 0.121017
10 0.476051 0.930814 0.152569 0.121570
11 0.689968 0.926940 0.146093 0.130422
8 0.902718 0.930799 0.106539 0.121017
