0 0.087275 0.201374 0.097529 0.093257
0 0.250376 0.200321 0.097545 0.093257
0 0.413282 0.200708 0.097529 0.093257
0 0.577234 0.200708 0.097545 0.093257
0 0.741178 0.201096 0.097545 0.093257
0 0.905646 0.200708 0.097545 0.093257
6 0.086448 0.804939 0.096498 0.092567
6 0.250720 0.806344 0.096498 0.092567
6 0.414468 0.805884 0.096498 0.092567
6 0.577578 0.806344 0.096498 0.092567
6 0.741948 0.806344 0.096498 0.092567
6 0.903813 0.806344 0.096498 0.092567
8 0.085507 0.922597 0.134484 0.103160
8 0.578863 0.921701 0.134484 0.103160
7 0.742021 0.922597 0.140082 0.105920
10 0.249501 0.922597 0.139460 0.102240
11 0.415106 0.922603 0.130736 0.101308
9 0.904828 0.925363 0.114566 0.097627
4 0.251424 0.075224 0.148805 0.105000
5 0.415417 0.075363 0.134468 0.100847
3 0.902586 0.078590 0.118920 0.098099
2 0.086506 0.075872 0.139722 0.103898
2 0.576678 0.075908 0.139705 0.103898
1 0.741416 0.075375 0.138216 0.102785
