3 0.161336 0.147348 0.067932 0.092476
3 0.027546 0.148006 0.055091 0.092476
3 0.302060 0.148006 0.067918 0.092476
3 0.442532 0.148006 0.067932 0.092476
3 0.582686 0.147738 0.067932 0.092476
3 0.723769 0.147738 0.067932 0.092476
3 0.864233 0.148006 0.067932 0.092476
2 0.162335 0.036134 0.071702 0.072268
2 0.583249 0.036012 0.071702 0.072024
1 0.029515 0.036134 0.059030 0.072268
4 0.302018 0.036134 0.097201 0.072268
5 0.443298 0.036366 0.095063 0.072732
1 0.723390 0.035817 0.071814 0.071634
3 0.865879 0.035976 0.076568 0.071951
6 0.161329 0.757189 0.067722 0.092110
6 0.027504 0.757652 0.055007 0.092110
6 0.302651 0.757652 0.067722 0.092110
6 0.443397 0.757652 0.067722 0.092110
6 0.583706 0.758421 0.067722 0.092110
6 0.723579 0.758043 0.067722 0.092110
6 0.864325 0.757652 0.067722 0.092110
9 0.865738 0.879610 0.073474 0.094415
7 0.722468 0.876811 0.073910 0.098622
8 0.584599 0.874890 0.071702 0.102463
11 0.442743 0.872201 0.095162 0.109378
10 0.301765 0.875079 0.100914 0.100549
8 0.161463 0.875091 0.071702 0.102476
7 0.028488 0.876549 0.056976 0.098634
