0 0.098498 0.192290 0.117520 0.092841
0 0.300585 0.192290 0.122863 0.093942
0 0.502339 0.191996 0.120645 0.093279
0 0.704980 0.191990 0.121492 0.093817
0 0.905685 0.192121 0.125363 0.094080
6 0.100081 0.817403 0.119435 0.095332
6 0.300242 0.817397 0.115726 0.094869
6 0.502026 0.817171 0.118690 0.094418
6 0.703821 0.817635 0.120181 0.092566
6 0.904486 0.817635 0.117964 0.092566
8 0.301502 0.937365 0.166190 0.105920
8 0.905302 0.935851 0.166169 0.105920
10 0.502470 0.939762 0.173609 0.098098
7 0.100383 0.936546 0.151331 0.106383
11 0.704627 0.940225 0.160988 0.098098
5 0.703145 0.064293 0.160242 0.100025
4 0.501956 0.063967 0.175363 0.098373
2 0.905675 0.061202 0.165585 0.107209
1 0.099567 0.061477 0.152238 0.105557
