2 0.687768 0.044711 0.094059 0.089422
1 0.502122 0.045006 0.096863 0.089434
3 0.319668 0.044729 0.096974 0.089458
4 0.872592 0.045000 0.132232 0.088916
0 0.318681 0.164741 0.091089 0.090952
0 0.502574 0.164524 0.091089 0.090952
0 0.687703 0.164524 0.091089 0.090952
0 0.872242 0.164139 0.091089 0.090952
6 0.318745 0.766072 0.089336 0.090193
6 0.502712 0.767036 0.089336 0.090193
6 0.687841 0.766651 0.089336 0.090193
6 0.871199 0.766271 0.089336 0.090181
10 0.872002 0.881819 0.132823 0.100554
8 0.688792 0.882560 0.093044 0.100735
7 0.502196 0.884633 0.096974 0.095940
9 0.320000 0.886392 0.096974 0.092422
