1 0.185457 0.060451 0.094173 0.105439
1 0.812218 0.061184 0.094160 0.105451
2 0.686880 0.060520 0.102130 0.105451
2 0.311197 0.060852 0.102794 0.104787
4 0.435871 0.064505 0.109411 0.100138
5 0.561209 0.064173 0.100138 0.099474
3 0.060520 0.065827 0.081566 0.094837
3 0.938553 0.065827 0.081566 0.094837
0 0.060414 0.192018 0.074837 0.094987
0 0.185721 0.191986 0.073546 0.094023
0 0.310927 0.192469 0.075163 0.095614
0 0.436773 0.191830 0.074198 0.092431
0 0.561021 0.192149 0.074524 0.094348
0 0.687187 0.191830 0.072920 0.093709
0 0.811754 0.192312 0.076441 0.094023
0 0.937444 0.191510 0.074511 0.094975
6 0.060269 0.818058 0.074624 0.093283
6 0.185558 0.818296 0.073296 0.091729
6 0.310595 0.818860 0.073296 0.091729
6 0.436303 0.818421 0.073283 0.091729
6 0.561397 0.817982 0.073296 0.091729
6 0.686660 0.818446 0.073296 0.091729
6 0.812074 0.818578 0.073296 0.091717
6 0.937112 0.818133 0.073296 0.091729
1 0.185940 0.937669 0.093709 0.105539
1 0.812149 0.937193 0.093697 0.105539
9 0.937813 0.943152 0.081516 0.094398
9 0.059718 0.942970 0.081516 0.094411
8 0.310733 0.937563 0.102018 0.105226
8 0.686886 0.937538 0.102018 0.105226
11 0.561303 0.941084 0.100426 0.098183
10 0.436253 0.941397 0.109373 0.098183
